3 0.076507 0.419804 0.046368 0.184943
0 0.253478 0.478723 0.080371 0.126023
0 0.247682 0.168576 0.090417 0.144026
0 0.249227 0.785597 0.076507 0.124386
2 0.426198 0.787234 0.071870 0.121113
2 0.424652 0.474632 0.071870 0.121113
2 0.426584 0.175941 0.092736 0.142390
2 0.600850 0.477905 0.071870 0.121113
2 0.601623 0.787234 0.071870 0.121113
2 0.774730 0.785597 0.071870 0.121113
2 0.774730 0.476268 0.071870 0.121113
2 0.603168 0.168576 0.071870 0.121113
2 0.780912 0.163666 0.071870 0.121113
2 0.952473 0.476268 0.071870 0.121113
